
--- train.py run ---
Training CSV: C:\Users\VAISHN~1\AppData\Local\Temp\tmpj4fu2ipt\dummy_train.csv
Statistics CSV: None
Classes: ['BitTorrent', 'Skype', 'Zoom']
Number of samples: 24
Epochs: 2
Batch size: 4
Learning rate: 0.002
Final losses per step: [1.6718387603759766, 2.2347192764282227, 1.668161392211914, 1.7291346788406372, 1.6807430982589722, 2.1592259407043457, 2.2208526134490967, 2.1375207901000977, 1.6319935321807861, 1.8244006633758545, 1.9919694662094116, 1.6330211162567139]
Average final-epoch loss: 1.9066

--- evaluate.py run ---
Checkpoint: outputs/traffic_clip_best.pt
Test CSV: C:\Users\VAISHN~1\AppData\Local\Temp\tmpb3pb23iz\dummy_eval.csv
Statistics CSV: None
Classes: ['BitTorrent', 'Skype', 'Zoom']
Number of test samples: 12
Accuracy: 0.3333
F1 Score: 0.1667

--- train.py run ---
Training CSV: .\data\real_dataset\csv\train.csv
Statistics CSV: .\data\real_dataset\csv\train_statistics.csv
Classes: ['BitTorrent', 'Cridex', 'Facetime', 'Geodo', 'Miuref', 'MySQL', 'Skype', 'Tinba', 'Weibo', 'Zeus']
Number of samples: 6300
Epochs: 2
Batch size: 4
Learning rate: 0.0001
Final losses per step: [4.071771621704102, 2.535536766052246, 3.6805717945098877, 2.325758218765259, 2.2847490310668945, 2.9440250396728516, 2.616647481918335, 2.593459367752075, 2.244664430618286, 2.259165048599243, 2.2335638999938965, 3.072629928588867, 2.788194179534912, 2.328786611557007, 2.3145692348480225, 2.5368492603302, 2.7555887699127197, 2.398949146270752, 2.1740825176239014, 2.4639179706573486, 2.3630478382110596, 2.34291410446167, 2.13787579536438, 2.3100316524505615, 3.4066593647003174, 2.2683653831481934, 2.769679069519043, 2.774989604949951, 2.2676360607147217, 2.125253200531006, 2.249581813812256, 3.2513375282287598, 3.0361366271972656, 3.306976795196533, 2.573261022567749, 2.1416361331939697, 2.6293435096740723, 2.1592116355895996, 2.1825506687164307, 2.3217062950134277, 2.096920967102051, 2.3757193088531494, 2.6446900367736816, 2.4605278968811035, 3.0501811504364014, 2.315105438232422, 2.411864757537842, 2.25492525100708, 2.706174850463867, 2.333644151687622, 2.180813789367676, 2.152439594268799, 4.620330333709717, 5.6444783210754395, 2.103976249694824, 2.3354406356811523, 2.477949857711792, 2.333853244781494, 3.066542387008667, 2.134631633758545, 2.233123302459717, 2.1501646041870117, 2.1807377338409424, 2.8213353157043457, 2.8672821521759033, 2.7347652912139893, 2.303571939468384, 2.151890754699707, 2.2467923164367676, 2.775408983230591, 2.603433847427368, 2.221194267272949, 2.0135066509246826, 2.442021131515503, 2.031212329864502, 2.3200364112854004, 2.3652303218841553, 2.569406747817993, 2.0382699966430664, 2.104196548461914, 2.847425699234009, 3.011789083480835, 2.6371216773986816, 2.2342562675476074, 2.2808399200439453, 2.504617691040039, 2.838681936264038, 2.1481761932373047, 2.2146008014678955, 2.095158100128174, 2.1177239418029785, 2.979462146759033, 2.5247159004211426, 2.1596484184265137, 2.1762404441833496, 2.2033095359802246, 6.030290603637695, 2.6018056869506836, 2.1441383361816406, 2.179217576980591, 1.6312732696533203, 2.508246421813965, 2.257495164871216, 2.4550769329071045, 2.435553550720215, 2.3695406913757324, 2.332268714904785, 3.5533676147460938, 2.031337261199951, 2.3719992637634277, 2.584968090057373, 2.406106472015381, 2.4181628227233887, 3.332458257675171, 2.4319286346435547, 2.494751453399658, 2.2051782608032227, 2.0238568782806396, 2.445384979248047, 2.2661986351013184, 2.9336817264556885, 2.365706443786621, 5.993070602416992, 3.3955867290496826, 2.109947443008423, 2.425879955291748, 2.063938617706299, 2.1418957710266113, 3.150468111038208, 2.532790422439575, 2.3564226627349854, 3.5261917114257812, 2.1008615493774414, 2.2828540802001953, 1.9537034034729004, 1.8946285247802734, 2.029358386993408, 2.1740920543670654, 2.354527473449707, 2.1826047897338867, 2.1437430381774902, 3.166954517364502, 3.6994073390960693, 2.2291290760040283, 2.7496578693389893, 2.194117546081543, 3.507863998413086, 2.323267698287964, 2.204738140106201, 2.0943284034729004, 2.15850830078125, 1.926900863647461, 2.303302526473999, 2.2672407627105713, 2.133711099624634, 1.7739601135253906, 1.9347074031829834, 1.7392241954803467, 2.8420872688293457, 2.1982851028442383, 2.326096296310425, 1.6557574272155762, 2.7390246391296387, 3.5477492809295654, 1.8765841722488403, 1.759689450263977, 3.1919310092926025, 3.032593250274658, 2.1202030181884766, 1.6072685718536377, 2.35044527053833, 2.4316444396972656, 2.3953990936279297, 1.7753416299819946, 2.006054639816284, 3.4264719486236572, 1.9080681800842285, 2.1546080112457275, 2.655003309249878, 2.017613410949707, 1.6255338191986084, 2.0858402252197266, 2.2340633869171143, 2.3104100227355957, 1.8739643096923828, 2.333092451095581, 1.9063302278518677, 2.478480577468872, 1.5191810131072998, 2.248004913330078, 3.6832635402679443, 2.1334784030914307, 1.923478126525879, 2.109246253967285, 1.9991202354431152, 3.1399497985839844, 2.438203811645508, 2.311154365539551, 2.4094817638397217, 1.9963736534118652, 2.0763120651245117, 2.257319688796997, 1.5498723983764648, 2.1182103157043457, 2.810642957687378, 3.4707398414611816, 2.8033976554870605, 2.6392312049865723, 2.5557870864868164, 2.4181575775146484, 2.2182862758636475, 1.5585256814956665, 1.8835581541061401, 2.806443691253662, 2.1252646446228027, 2.742335796356201, 1.6698145866394043, 2.0816073417663574, 2.3190836906433105, 2.893139362335205, 2.7804174423217773, 2.057504892349243, 1.338252067565918, 3.022941827774048, 2.2583470344543457, 2.22721529006958, 2.055388927459717, 1.8444796800613403, 1.7214090824127197, 1.976395845413208, 2.757268190383911, 1.909724235534668, 2.4473764896392822, 2.872553825378418, 2.1422958374023438, 4.571629524230957, 1.807718276977539, 2.1477837562561035, 2.6687934398651123, 2.2237672805786133, 2.092404365539551, 2.711503505706787, 3.256457805633545, 2.799065351486206, 2.610288143157959, 2.594435453414917, 2.6406190395355225, 2.258373975753784, 1.5901156663894653, 2.7173564434051514, 2.726105213165283, 2.0754897594451904, 2.214125156402588, 2.538100004196167, 2.63191294670105, 1.8226125240325928, 2.1808454990386963, 3.111447811126709, 2.917224884033203, 2.2812695503234863, 2.67378830909729, 1.9177439212799072, 1.8091325759887695, 1.956305980682373, 2.5611186027526855, 1.5857290029525757, 1.7295362949371338, 2.3792240619659424, 1.282820701599121, 2.485086441040039, 3.5344443321228027, 1.3202404975891113, 2.6373062133789062, 2.0016260147094727, 2.2375612258911133, 2.4930248260498047, 1.7390975952148438, 2.4027516841888428, 2.1887123584747314, 3.8464736938476562, 2.0347979068756104, 2.319492816925049, 2.0752463340759277, 2.0300521850585938, 2.711871385574341, 2.319366931915283, 2.075658082962036, 3.0889861583709717, 2.101337194442749, 1.5811128616333008, 1.607823371887207, 2.271845817565918, 1.9997100830078125, 3.3054940700531006, 2.1344237327575684, 2.0288643836975098, 2.527113676071167, 2.610898017883301, 2.1418561935424805, 3.45619535446167, 2.1811013221740723, 1.6387895345687866, 2.0142476558685303, 2.1005945205688477, 3.1642251014709473, 2.000596284866333, 1.8301491737365723, 2.153986930847168, 3.4568800926208496, 3.283212661743164, 2.4246952533721924, 2.4548652172088623, 3.0349457263946533, 2.930579423904419, 2.4378223419189453, 2.05863094329834, 2.538382053375244, 1.65008544921875, 1.802809476852417, 2.4452438354492188, 2.864783525466919, 2.3513009548187256, 2.694658041000366, 1.721320629119873, 1.9030262231826782, 2.360159397125244, 1.7708243131637573, 3.2386581897735596, 2.2001426219940186, 2.1499030590057373, 1.6185646057128906, 2.744802474975586, 1.9043275117874146, 3.583437204360962, 2.1831305027008057, 2.5643563270568848, 3.0721120834350586, 2.105947971343994, 3.0743980407714844, 2.4548661708831787, 2.39554762840271, 2.3586881160736084, 1.9878839254379272, 2.3148081302642822, 2.5407962799072266, 2.540409564971924, 2.5237443447113037, 2.0447635650634766, 1.9708707332611084, 1.6935840845108032, 1.813713550567627, 1.3920965194702148, 2.173205852508545, 3.8901071548461914, 2.0912671089172363, 2.0961661338806152, 1.4622145891189575, 1.9547817707061768, 1.6311988830566406, 1.7344110012054443, 2.285571813583374, 1.707364559173584, 2.793238401412964, 2.8799593448638916, 2.936680555343628, 2.397311210632324, 2.2928519248962402, 1.7628893852233887, 1.6888477802276611, 2.3490190505981445, 2.1915268898010254, 3.579500198364258, 2.7989556789398193, 2.2931289672851562, 1.6159614324569702, 2.2624709606170654, 1.7332518100738525, 1.6395577192306519, 2.067162275314331, 1.2767446041107178, 2.5977752208709717, 2.210479259490967, 1.4096033573150635, 1.5649443864822388, 2.218749523162842, 2.309636116027832, 2.2684037685394287, 2.491570234298706, 2.187124252319336, 2.692683219909668, 1.87740159034729, 2.736377000808716, 2.286360263824463, 2.7313108444213867, 1.5315858125686646, 1.835875153541565, 2.231602191925049, 2.042052745819092, 2.0083670616149902, 2.0696234703063965, 1.998460054397583, 1.6537796258926392, 1.6525392532348633, 2.842583179473877, 1.2630925178527832, 1.9312788248062134, 2.7463572025299072, 4.140395164489746, 1.8476548194885254, 1.9252567291259766, 1.6503794193267822, 2.139645576477051, 3.343348741531372, 2.053494691848755, 2.4821341037750244, 1.9314899444580078, 2.1245455741882324, 1.7386088371276855, 2.7656500339508057, 2.146190881729126, 2.0526599884033203, 1.7034132480621338, 3.178788661956787, 4.194770812988281, 2.08288311958313, 2.0116539001464844, 2.7998549938201904, 1.7049684524536133, 1.876176118850708, 2.4937336444854736, 2.4892070293426514, 2.1713030338287354, 1.8045167922973633, 1.4778671264648438, 1.7932887077331543, 1.6202330589294434, 2.2522826194763184, 2.214108467102051, 2.811950922012329, 1.0736414194107056, 1.8173502683639526, 1.8844417333602905, 1.8241664171218872, 2.138869524002075, 2.1158976554870605, 2.2665257453918457, 1.9687273502349854, 1.9281295537948608, 1.8450998067855835, 1.7277940511703491, 2.1684341430664062, 1.8866521120071411, 1.8770463466644287, 1.9660173654556274, 1.926086187362671, 1.6437629461288452, 2.593409776687622, 2.5912046432495117, 2.1147377490997314, 1.6943550109863281, 1.7363157272338867, 1.8900588750839233, 1.8065279722213745, 1.0844714641571045, 1.9246214628219604, 1.8723182678222656, 2.3493313789367676, 1.478868842124939, 2.0922205448150635, 1.5795660018920898, 1.9822359085083008, 2.118802547454834, 2.5712873935699463, 1.1250263452529907, 1.4790934324264526, 1.8522369861602783, 1.395629644393921, 2.867948532104492, 1.539091944694519, 3.7205166816711426, 2.1364450454711914, 2.515681266784668, 1.493192195892334, 3.6339921951293945, 1.8183144330978394, 2.045356035232544, 1.4721382856369019, 3.5874359607696533, 1.9050822257995605, 1.8867205381393433, 1.8712128400802612, 2.3360838890075684, 1.8426200151443481, 1.9486955404281616, 1.8559036254882812, 2.093358278274536, 1.6963649988174438, 1.4693882465362549, 2.3778014183044434, 2.3534562587738037, 1.7576247453689575, 2.27663254737854, 4.333777904510498, 2.4380102157592773, 2.4030768871307373, 1.8452060222625732, 1.650077223777771, 1.9409303665161133, 1.6853080987930298, 1.492272138595581, 1.535064935684204, 1.9676982164382935, 3.633791208267212, 1.4651679992675781, 2.0514163970947266, 1.757980465888977, 3.486429214477539, 1.6514713764190674, 1.1155508756637573, 1.4990921020507812, 1.9278169870376587, 1.0982989072799683, 2.613240957260132, 1.8704197406768799, 1.5584492683410645, 3.3817224502563477, 1.5541367530822754, 1.2563488483428955, 2.3571524620056152, 1.788995623588562, 1.3441646099090576, 1.230832815170288, 1.0375542640686035, 1.3158706426620483, 2.3936142921447754, 1.636354923248291, 2.283651113510132, 1.839965581893921, 1.8383853435516357, 1.340860366821289, 2.6709768772125244, 3.6156651973724365, 3.2319462299346924, 1.3981897830963135, 3.20143985748291, 1.5954477787017822, 1.30631422996521, 2.8055615425109863, 1.3664547204971313, 1.9045231342315674, 1.4050917625427246, 2.098437547683716, 1.9556686878204346, 1.5289403200149536, 2.569694995880127, 1.6397490501403809, 3.5618109703063965, 2.172633647918701, 1.2471692562103271, 1.1571937799453735, 3.603538751602173, 1.7523620128631592, 1.9757254123687744, 2.082883596420288, 1.1936603784561157, 1.6621428728103638, 0.8602824211120605, 1.3015769720077515, 2.1593055725097656, 1.8858922719955444, 2.0093414783477783, 1.3450298309326172, 2.638465404510498, 2.937307357788086, 4.035996437072754, 1.2451839447021484, 1.1677418947219849, 2.4682717323303223, 1.837501049041748, 1.857581615447998, 2.047025442123413, 1.3238155841827393, 2.3565924167633057, 2.313271999359131, 1.74920654296875, 1.3534815311431885, 1.8289815187454224, 2.1337685585021973, 1.7330546379089355, 1.067124843597412, 1.3264801502227783, 1.9194046258926392, 1.3554435968399048, 1.8108868598937988, 2.3817877769470215, 2.7674031257629395, 1.4428035020828247, 1.7354393005371094, 2.5585291385650635, 1.4545519351959229, 2.287487506866455, 1.9074522256851196, 2.495922565460205, 2.0009853839874268, 1.8219035863876343, 2.2097413539886475, 1.8337113857269287, 1.138145923614502, 2.735962152481079, 1.6233657598495483, 2.1145288944244385, 1.378498911857605, 3.5375733375549316, 1.2777100801467896, 0.9365220665931702, 1.8357290029525757, 2.690455675125122, 2.4295902252197266, 1.5423604249954224, 1.6730173826217651, 1.8984007835388184, 1.9714343547821045, 1.123922348022461, 1.4599769115447998, 1.2694902420043945, 2.226618766784668, 1.5912007093429565, 1.8744298219680786, 3.146738052368164, 1.2302148342132568, 3.2587738037109375, 1.7569880485534668, 2.5823307037353516, 1.4217138290405273, 0.976047158241272, 1.7493956089019775, 1.8380851745605469, 1.7158010005950928, 1.7994176149368286, 1.7461507320404053, 2.5665764808654785, 2.6271486282348633, 1.5052320957183838, 1.61481773853302, 2.566411018371582, 3.723564386367798, 1.3996294736862183, 1.2563188076019287, 1.129718542098999, 1.0214968919754028, 2.8226022720336914, 1.875877857208252, 2.029176712036133, 1.704753041267395, 1.9345722198486328, 0.9875271320343018, 1.8193402290344238, 1.3883635997772217, 2.068397283554077, 3.0140604972839355, 3.435729742050171, 1.934701681137085, 2.4713051319122314, 2.2651681900024414, 1.3603274822235107, 3.8146471977233887, 1.6153614521026611, 2.243180990219116, 2.9947669506073, 2.084667682647705, 1.631995439529419, 1.2762627601623535, 1.044129490852356, 1.6322710514068604, 1.5861159563064575, 1.524794101715088, 1.701596975326538, 2.2350594997406006, 2.4319076538085938, 1.5837833881378174, 1.2689032554626465, 1.7403669357299805, 1.8517282009124756, 2.516796350479126, 1.382465124130249, 4.256917953491211, 0.7850000858306885, 1.5319108963012695, 1.3510862588882446, 0.8834351897239685, 2.976151466369629, 1.1584725379943848, 1.8305569887161255, 1.5746314525604248, 1.418573021888733, 2.4940502643585205, 1.0749106407165527, 1.7718069553375244, 2.0844852924346924, 2.208163261413574, 0.7194653153419495, 2.097294807434082, 1.532486081123352, 1.3846038579940796, 1.5251057147979736, 2.3956298828125, 1.0361708402633667, 0.9783416986465454, 1.5238697528839111, 3.252802848815918, 2.3934504985809326, 2.7483813762664795, 2.8031580448150635, 2.6141557693481445, 4.250971794128418, 0.5131253004074097, 1.3017067909240723, 1.2986037731170654, 1.0059689283370972, 2.928785562515259, 2.9394912719726562, 2.313974380493164, 2.872954845428467, 2.239090919494629, 1.493122935295105, 1.329396367073059, 1.5043139457702637, 1.7073744535446167, 2.161170244216919, 1.4309889078140259, 1.4384384155273438, 0.6505452990531921, 2.71166729927063, 2.6293458938598633, 1.9408918619155884, 1.8486400842666626, 1.9363268613815308, 2.882012128829956, 1.663529634475708, 1.1254030466079712, 1.8655858039855957, 1.4052176475524902, 3.581857681274414, 0.9821293354034424, 1.6287418603897095, 2.999685287475586, 1.3421342372894287, 1.350640058517456, 3.808854103088379, 3.1214957237243652, 1.1679867506027222, 2.3834187984466553, 1.6365857124328613, 1.081369400024414, 1.8735768795013428, 2.0919485092163086, 2.0121307373046875, 1.6211687326431274, 1.332133173942566, 2.1758880615234375, 1.800650715827942, 1.7067742347717285, 1.926335096359253, 1.6817610263824463, 1.6686699390411377, 0.875421404838562, 1.2316786050796509, 1.9638760089874268, 1.8422781229019165, 2.0502235889434814, 1.4772582054138184, 2.0553574562072754, 0.9000219106674194, 2.4263246059417725, 1.3486217260360718, 2.7774264812469482, 1.344193696975708, 1.2338495254516602, 1.8659422397613525, 2.526029109954834, 1.3896095752716064, 3.7162373065948486, 1.5731592178344727, 1.1121724843978882, 2.1403448581695557, 1.253106713294983, 1.4623677730560303, 3.40152645111084, 2.2503509521484375, 1.4360179901123047, 1.6770399808883667, 3.298276424407959, 1.0674304962158203, 1.2772648334503174, 1.3428399562835693, 1.1824491024017334, 1.0740231275558472, 3.9022278785705566, 2.254603624343872, 2.634964942932129, 1.2099392414093018, 2.2751755714416504, 1.6422452926635742, 1.3316402435302734, 1.9578850269317627, 1.0333385467529297, 1.296907663345337, 3.105560779571533, 1.716984748840332, 0.7691760659217834, 2.728943347930908, 2.4245615005493164, 1.6107574701309204, 1.23044753074646, 1.5897161960601807, 0.8597931265830994, 1.5584725141525269, 1.2830467224121094, 1.600138545036316, 2.9003450870513916, 1.8409392833709717, 1.3191897869110107, 0.6746221780776978, 0.6947272419929504, 1.449803113937378, 1.1980637311935425, 1.868330717086792, 2.664982557296753, 1.4656256437301636, 1.3440535068511963, 1.7408779859542847, 1.2731194496154785, 0.6113446354866028, 1.2795110940933228, 1.4569340944290161, 1.5789974927902222, 2.942656993865967, 0.9099341630935669, 0.9620093107223511, 2.398606777191162, 1.85343337059021, 3.4559292793273926, 3.2674005031585693, 1.6012730598449707, 1.4653141498565674, 2.0344934463500977, 1.9360535144805908, 3.307281017303467, 2.1153743267059326, 1.3926185369491577, 1.4521512985229492, 1.6472251415252686, 2.341233968734741, 0.8583248853683472, 1.7089228630065918, 1.4871512651443481, 1.6548813581466675, 1.793586254119873, 1.1084564924240112, 1.9623937606811523, 1.2642799615859985, 1.3165748119354248, 1.8008573055267334, 1.0101325511932373, 1.8492767810821533, 1.6622323989868164, 2.8047871589660645, 1.6435915231704712, 1.0746865272521973, 2.9215784072875977, 1.4440596103668213, 1.1526110172271729, 1.6588205099105835, 0.8166105151176453, 2.4637179374694824, 1.5826666355133057, 1.6803786754608154, 1.9150989055633545, 0.728729248046875, 0.7909729480743408, 2.127342700958252, 0.8721351623535156, 1.6726168394088745, 1.8330128192901611, 0.6232234239578247, 0.8413358926773071, 1.2948445081710815, 1.4132148027420044, 1.8662022352218628, 2.7683491706848145, 2.160902261734009, 2.9013559818267822, 4.571743011474609, 1.3573358058929443, 1.0803260803222656, 1.5488775968551636, 2.0958733558654785, 2.3353254795074463, 1.8913283348083496, 2.1516122817993164, 3.6213018894195557, 1.4897565841674805, 3.092402696609497, 1.1272592544555664, 1.2232304811477661, 2.3484203815460205, 2.22183895111084, 1.0064499378204346, 1.3565003871917725, 1.0734124183654785, 1.9838895797729492, 0.9224956035614014, 1.5978196859359741, 2.1669254302978516, 1.9067326784133911, 0.7959098219871521, 1.494760513305664, 1.6343947649002075, 1.763102412223816, 1.552892804145813, 1.10696280002594, 1.6832681894302368, 1.9948012828826904, 1.2516831159591675, 1.8744304180145264, 1.5206034183502197, 3.0676488876342773, 2.482121229171753, 1.2642470598220825, 1.621964454650879, 1.695668339729309, 1.3600643873214722, 1.475209355354309, 1.688098669052124, 1.8803620338439941, 0.8218743801116943, 1.5706686973571777, 1.607372760772705, 1.1770598888397217, 2.8693971633911133, 1.0655893087387085, 1.7208456993103027, 2.6406383514404297, 2.260497808456421, 1.0178427696228027, 1.7136002779006958, 1.3087811470031738, 1.220301628112793, 2.335944652557373, 1.2597883939743042, 1.908928394317627, 2.0343427658081055, 1.8572086095809937, 1.839333415031433, 3.1213762760162354, 1.964444875717163, 1.8474655151367188, 2.021116018295288, 1.8722805976867676, 2.3444647789001465, 1.8323307037353516, 1.7883484363555908, 2.2166125774383545, 1.5493738651275635, 1.2711244821548462, 3.0480809211730957, 1.5677127838134766, 1.304540753364563, 1.366710901260376, 0.5853215456008911, 1.3745570182800293, 0.5386809706687927, 2.732372283935547, 1.2908570766448975, 2.366323709487915, 2.9047727584838867, 1.1282168626785278, 0.686345100402832, 0.7424778342247009, 1.4822696447372437, 1.9643160104751587, 1.226417899131775, 1.2578190565109253, 1.632795810699463, 1.4477239847183228, 1.1355679035186768, 1.894935131072998, 1.743843674659729, 1.199655294418335, 2.210770845413208, 1.3413372039794922, 2.526895046234131, 1.2326949834823608, 1.906293511390686, 1.3657773733139038, 2.625211238861084, 1.2786657810211182, 1.3792328834533691, 1.3838112354278564, 1.4488006830215454, 2.6224536895751953, 2.249070644378662, 0.7813298106193542, 1.8010711669921875, 1.121695876121521, 1.0484815835952759, 1.5714188814163208, 1.078909158706665, 1.7296628952026367, 1.029775857925415, 3.569687604904175, 1.0313583612442017, 1.1243563890457153, 2.0146102905273438, 1.112309455871582, 1.2435764074325562, 1.3497071266174316, 1.1585524082183838, 0.880418598651886, 4.152059555053711, 1.6404612064361572, 0.6694875955581665, 1.0473883152008057, 1.7744311094284058, 1.2201110124588013, 1.9118385314941406, 1.5397591590881348, 0.6491042971611023, 0.7176147699356079, 1.0244290828704834, 0.9238346219062805, 1.9132676124572754, 1.3940635919570923, 0.762733519077301, 1.2911094427108765, 1.1368699073791504, 2.5313212871551514, 2.23209810256958, 1.3748326301574707, 1.5799778699874878, 0.9655579328536987, 1.0284665822982788, 0.7182515263557434, 1.4656524658203125, 0.8329100608825684, 1.3498914241790771, 1.131871223449707, 1.3393089771270752, 2.4087514877319336, 1.5677683353424072, 0.8501594662666321, 0.7116218209266663, 0.9091418385505676, 1.725205898284912, 0.6244407892227173, 1.375542163848877, 1.7049444913864136, 0.8656696081161499, 1.2743923664093018, 2.910377264022827, 1.7577317953109741, 1.7497919797897339, 1.2803095579147339, 2.1383414268493652, 1.881713628768921, 1.368774652481079, 2.072155714035034, 3.4519147872924805, 1.4942430257797241, 1.7452645301818848, 3.4232544898986816, 1.131762146949768, 0.7252902388572693, 1.5573807954788208, 1.8251066207885742, 1.0666537284851074, 1.1049420833587646, 1.1605262756347656, 3.5970957279205322, 1.2724395990371704, 0.8149422407150269, 1.8576860427856445, 3.2658462524414062, 3.4750094413757324, 1.2362102270126343, 1.8131003379821777, 1.7401148080825806, 1.1207904815673828, 1.0184835195541382, 1.6037852764129639, 1.1701536178588867, 1.814422607421875, 1.89512300491333, 1.2562439441680908, 0.9401252865791321, 1.827016830444336, 0.7382199764251709, 2.4712769985198975, 0.9036270380020142, 0.952374279499054, 0.8877490758895874, 0.7947026491165161, 1.7514022588729858, 3.348416328430176, 2.040278673171997, 1.3113884925842285, 1.2629296779632568, 0.5402416586875916, 2.4685957431793213, 2.1323938369750977, 2.9448494911193848, 1.0485968589782715, 0.8054339289665222, 1.2002222537994385, 2.3213613033294678, 0.6881275177001953, 1.2717773914337158, 2.932795286178589, 2.145404100418091, 1.7171590328216553, 1.295989751815796, 1.4248168468475342, 1.4954545497894287, 1.0316094160079956, 0.6615062952041626, 3.0570693016052246, 0.697409987449646, 3.7772183418273926, 1.1107182502746582, 1.2053545713424683, 1.1344122886657715, 1.292291283607483, 0.9591025114059448, 2.282656669616699, 0.5572998523712158, 2.7093193531036377, 1.3002270460128784, 2.3842244148254395, 0.7132331728935242, 1.4168038368225098, 1.195508360862732, 1.1570528745651245, 0.7506825923919678, 1.31658935546875, 1.0293779373168945, 1.1103777885437012, 2.745568037033081, 1.4297999143600464, 1.785854458808899, 1.1725770235061646, 3.2537314891815186, 1.2397136688232422, 1.5785366296768188, 2.6560325622558594, 2.2044947147369385, 2.119655132293701, 2.5392630100250244, 1.0113029479980469, 1.6954584121704102, 2.2952513694763184, 2.211331844329834, 1.8352512121200562, 2.3082337379455566, 0.6067874431610107, 2.0216095447540283, 2.011948347091675, 1.9226882457733154, 1.1898102760314941, 2.067305564880371, 0.6305803656578064, 0.5690515041351318, 0.9391857981681824, 3.075197696685791, 1.4203157424926758, 0.8823437094688416, 2.15494966506958, 1.0289605855941772, 1.0634979009628296, 0.972783088684082, 1.881620168685913, 1.5112271308898926, 0.9923414587974548, 1.655353307723999, 2.094770908355713, 1.6805081367492676, 0.6052692532539368, 0.3639149069786072, 1.3133845329284668, 0.5435711741447449, 0.8606963157653809, 1.5512405633926392, 1.7254502773284912, 3.2566940784454346, 0.7372515201568604, 3.0044074058532715, 2.222975969314575, 2.8598880767822266, 2.407144069671631, 2.566549777984619, 1.2510015964508057, 0.9782434105873108, 1.1447205543518066, 1.854936122894287, 1.1769094467163086, 1.7245473861694336, 0.8253839015960693, 0.8126710653305054, 0.5843302607536316, 1.0210051536560059, 1.1534007787704468, 1.053797721862793, 1.6172579526901245, 1.6252508163452148, 0.5140378475189209, 1.4564237594604492, 1.772247552871704, 0.616828978061676, 1.3496495485305786, 1.1397335529327393, 1.259506344795227, 0.45403411984443665, 0.9273817539215088, 1.4011764526367188, 1.9571937322616577, 2.0609140396118164, 4.148924827575684, 1.1477725505828857, 2.469245433807373, 1.9111034870147705, 1.8330491781234741, 1.827584981918335, 2.323195219039917, 0.912010908126831, 1.2198271751403809, 1.1711798906326294, 0.9360054731369019, 1.1570523977279663, 1.3926551342010498, 1.2032710313796997, 1.4473625421524048, 2.5213751792907715, 1.2003369331359863, 0.94332355260849, 2.6040332317352295, 0.8032165765762329, 1.0009324550628662, 1.5577733516693115, 0.8966014981269836, 0.4397816061973572, 0.8239942789077759, 0.7860735058784485, 2.7907838821411133, 2.2130632400512695, 1.2531919479370117, 2.603203773498535, 1.4553056955337524, 0.6450865268707275, 0.6266487836837769, 0.9887989163398743, 0.587561309337616, 0.9445199370384216, 0.514873743057251, 1.4820358753204346, 1.2211353778839111, 1.287315011024475, 0.5760461091995239, 0.3009500503540039, 1.25011146068573, 3.4729630947113037, 0.17456269264221191, 3.2924606800079346, 0.6329545974731445, 1.4011186361312866, 3.0148138999938965, 1.6904875040054321, 1.1601039171218872, 0.2984839081764221, 1.9961867332458496, 0.9882978200912476, 0.7825574278831482, 0.6020375490188599, 1.539808750152588, 1.2422829866409302, 1.871140718460083, 1.475050926208496, 3.2535150051116943, 1.3933382034301758, 1.0976990461349487, 2.127628803253174, 0.8385459184646606, 1.1704955101013184, 1.9585144519805908, 3.3841443061828613, 2.6092514991760254, 1.4074527025222778, 2.110975503921509, 3.1806423664093018, 0.8487729430198669, 0.6734989881515503, 4.530691146850586, 1.3556764125823975, 0.5736756324768066, 1.419427752494812, 1.8475500345230103, 1.2901942729949951, 1.1388750076293945, 2.369547128677368, 0.8500372171401978, 2.312967300415039, 2.750675678253174, 0.6276472210884094, 1.5965512990951538, 0.7170877456665039, 1.764734148979187, 1.7761529684066772, 1.04537034034729, 0.7480360269546509, 1.3033971786499023, 2.1177000999450684, 2.0886285305023193, 1.5470006465911865, 2.3671200275421143, 0.9582559466362, 0.6651027202606201, 1.018227219581604, 1.580892562866211, 1.7717124223709106, 1.3040962219238281, 1.0406851768493652, 0.5303701162338257, 1.9153285026550293, 1.0918116569519043, 1.568925142288208, 2.5059289932250977, 1.6171205043792725, 1.7653685808181763, 1.1074583530426025, 1.2185680866241455, 1.7034661769866943, 0.7311276197433472, 2.197977066040039, 1.2837321758270264, 1.2674375772476196, 0.9572556018829346, 2.796326160430908, 1.239520788192749, 1.869499683380127, 1.517240285873413, 1.892552137374878, 1.6761349439620972, 1.2192970514297485, 0.56297767162323, 1.3001973628997803, 0.7623844742774963, 1.2526071071624756, 0.7222177982330322, 1.8096007108688354, 1.1606943607330322, 2.0022404193878174, 1.080640196800232, 1.1048316955566406, 2.267948627471924, 1.5027745962142944, 1.4301376342773438, 0.8445600867271423, 1.9254231452941895, 3.2132580280303955, 1.57138991355896, 0.3687169551849365, 1.1493451595306396, 0.4133274555206299, 1.828406572341919, 3.8737189769744873, 2.0599207878112793, 1.3688931465148926, 1.0418676137924194, 1.4333230257034302, 1.9200224876403809, 2.134469509124756, 3.0469415187835693, 1.366188645362854, 0.8643578290939331, 2.2914493083953857, 0.869942307472229, 1.142605185508728, 0.463210791349411, 0.6714112162590027, 1.7022700309753418, 0.7599841356277466, 3.175271987915039, 0.955324113368988, 0.9086275100708008, 1.1304177045822144, 1.7682892084121704, 1.077274203300476, 0.8080621361732483, 1.8184477090835571, 1.0084524154663086, 1.3664740324020386, 1.0245112180709839, 2.0771007537841797, 1.6436243057250977, 0.8991208672523499, 0.921035885810852, 0.8941096067428589, 0.8984553813934326, 1.337644338607788, 0.6715295314788818, 1.293028712272644, 1.303463339805603, 1.6374335289001465, 0.8314241170883179, 1.0371049642562866, 0.551459789276123, 1.168157696723938, 0.9787377119064331, 1.5963666439056396, 1.1277004480361938, 1.3781143426895142, 0.95787513256073, 0.5614328980445862, 0.7562012672424316, 3.2199974060058594, 2.2333638668060303, 1.4800668954849243, 1.4303793907165527, 1.739655613899231, 0.8770409822463989, 2.3550057411193848, 1.6346391439437866, 2.4469926357269287, 2.144296407699585, 0.9332065582275391, 0.6094721555709839, 0.29870590567588806, 5.093244552612305, 1.3506431579589844, 1.247592806816101, 2.5181663036346436, 1.1198102235794067, 0.44783034920692444, 2.272386312484741, 1.0266244411468506, 0.6052597761154175, 1.3161301612854004, 1.986283540725708, 0.6436532735824585, 1.481614112854004, 0.7253307700157166, 1.2623515129089355, 0.49158427119255066, 0.791667103767395, 1.2136693000793457, 0.9802594780921936, 0.7221014499664307, 1.2889400720596313, 0.8423637747764587, 0.8364217281341553, 1.1865113973617554, 2.325105905532837, 0.9733871817588806, 4.415781021118164, 1.2807981967926025, 0.7160525918006897, 2.996192216873169, 2.3568267822265625, 1.1501214504241943, 1.4767190217971802, 1.001550555229187, 1.8102447986602783, 1.4988069534301758, 0.6355099081993103, 1.0130711793899536, 1.1502760648727417, 0.4507552981376648, 2.0621938705444336, 3.7256627082824707, 1.090179443359375, 1.1394355297088623, 0.32489705085754395, 1.7788525819778442, 0.9083390235900879, 1.4029390811920166, 1.3581451177597046, 1.6964119672775269, 1.3491547107696533, 0.7534084320068359, 0.5465346574783325, 2.587437152862549, 0.8942906856536865, 1.0003936290740967, 0.7366229295730591, 1.169480562210083, 3.933326005935669, 0.9395385980606079, 0.9756006002426147, 1.1354093551635742, 0.832699716091156, 1.0338938236236572, 0.9689493775367737, 2.447968006134033, 2.7471466064453125, 2.316664218902588, 1.1796379089355469, 1.279850721359253, 2.860771894454956, 1.9523937702178955, 1.1067886352539062, 1.2654900550842285, 2.044731616973877, 1.6385492086410522, 2.1699137687683105, 1.5629830360412598, 1.987433671951294, 1.104763388633728, 1.2340152263641357, 1.220170259475708, 1.2261791229248047, 0.6646902561187744, 0.904650092124939, 1.3144830465316772, 1.7054212093353271, 1.2966728210449219, 1.2232152223587036, 3.3118715286254883, 1.097132921218872, 2.241314172744751, 1.1133438348770142, 0.7704689502716064, 1.9469518661499023, 1.753895878791809, 2.1180899143218994, 0.7160274386405945, 1.2710456848144531, 0.4645995497703552, 1.488390564918518, 0.773861289024353, 0.6747966408729553, 1.0845624208450317, 1.8038387298583984, 3.0378575325012207, 2.369025945663452, 1.609365463256836, 1.1426459550857544, 2.751770257949829, 0.6167470812797546, 0.7662934064865112, 1.1649881601333618, 2.270956039428711, 1.6261321306228638, 1.0896921157836914, 0.606196403503418, 1.6990940570831299, 1.0607149600982666, 1.5265851020812988, 0.704898476600647, 2.628561496734619, 1.9256737232208252, 1.4359161853790283, 0.9700163006782532, 0.9597784280776978, 0.31950080394744873, 1.9399783611297607, 2.1403279304504395, 1.2292253971099854, 0.9732590913772583, 1.3943703174591064, 1.1855767965316772, 1.3642816543579102, 0.903021514415741, 0.6190868020057678, 0.8924457430839539, 1.765596628189087, 2.0293211936950684, 0.6243254542350769, 2.801191806793213, 0.530109167098999, 3.027886390686035, 1.7149715423583984, 2.3819069862365723, 2.2883708477020264, 2.5502429008483887, 2.431140899658203, 1.614935040473938, 2.7991318702697754, 2.344712495803833, 2.1969916820526123, 3.7892723083496094, 1.2539656162261963, 2.635481834411621, 1.0868291854858398, 1.3143914937973022, 3.370957136154175, 1.2418644428253174, 1.594704270362854, 3.177445888519287, 1.6815499067306519, 1.6432700157165527, 1.9057676792144775, 2.1957814693450928, 2.250164270401001, 2.8756303787231445, 1.4815880060195923, 1.7542020082473755, 2.0798611640930176, 1.8224010467529297, 1.6566133499145508, 1.4105637073516846, 1.4082114696502686, 2.4693779945373535, 3.024749517440796, 3.14422869682312, 1.217751383781433, 1.9913067817687988, 1.7439924478530884, 1.3577125072479248, 1.5815181732177734, 2.079943895339966, 2.401061773300171, 1.3340299129486084, 2.3857407569885254, 3.1895840167999268, 2.162947654724121, 2.502176284790039, 1.5529192686080933, 1.3725661039352417, 0.873155415058136, 2.1517910957336426, 2.4947643280029297, 2.2901687622070312, 1.8052393198013306, 1.6354507207870483, 1.392398476600647, 3.025393009185791, 2.2492175102233887, 1.4173252582550049, 1.2116022109985352, 1.403192162513733, 2.3268885612487793, 1.353825330734253, 3.112518548965454, 1.9466986656188965, 1.768248438835144, 2.372314214706421, 0.2989456355571747, 1.3047876358032227, 2.087225914001465, 1.6968932151794434, 1.1529796123504639, 1.8063576221466064, 1.8254832029342651, 0.8142701983451843, 1.093520998954773, 1.4065874814987183, 2.103621482849121, 1.724716067314148, 1.1711241006851196, 1.645292043685913, 2.321582555770874, 1.3515211343765259, 1.9815232753753662, 1.3892649412155151, 1.3709616661071777, 0.6332597136497498, 2.689563512802124, 1.0893718004226685, 1.6654011011123657, 1.8199284076690674, 3.247669219970703, 2.499664306640625, 2.0405709743499756, 1.9317342042922974, 1.842368721961975, 1.1529815196990967, 1.207100510597229, 0.8512325286865234, 0.8997917175292969, 0.875530481338501, 2.0227930545806885, 1.078071117401123, 1.7004904747009277, 1.6740119457244873, 2.2997183799743652, 2.2049789428710938, 1.44443678855896, 0.9685283899307251, 1.7796218395233154, 1.0584332942962646, 1.5351604223251343, 1.3679453134536743, 0.2538471221923828, 2.096353530883789, 1.7261887788772583, 1.731844425201416, 1.5441665649414062, 2.824288845062256, 1.5609456300735474, 1.4608570337295532, 1.3354086875915527, 2.8756935596466064, 3.9510369300842285, 2.1607229709625244, 1.285275936126709, 1.2704757452011108, 1.8098877668380737, 1.8079633712768555, 0.6704719662666321, 1.9822182655334473, 1.4815824031829834, 1.2012656927108765, 1.4290436506271362, 1.677851676940918, 2.7063841819763184, 4.228828430175781, 2.913520336151123, 0.8637750148773193, 2.398090124130249, 1.1624571084976196, 1.236384630203247, 1.3650872707366943, 0.9917060136795044, 1.1283808946609497, 1.6677898168563843, 1.74855375289917, 1.1705065965652466, 1.8913965225219727, 2.109086751937866, 1.2236284017562866, 1.898154854774475, 0.5083906054496765, 1.1900852918624878, 1.1463043689727783, 0.8146459460258484, 1.2756963968276978, 1.7097258567810059, 0.9002485871315002, 0.7265741229057312, 1.4439656734466553, 0.8703495860099792, 0.26398420333862305, 0.9817714095115662, 0.8684707880020142, 1.4627728462219238, 1.0827512741088867, 2.4223597049713135, 1.4431854486465454, 0.6595360636711121, 0.1668720841407776, 0.718903660774231, 1.8906748294830322, 0.6346017718315125, 0.3995888829231262, 1.9469941854476929, 2.0144166946411133, 1.8740860223770142, 0.9934680461883545, 1.0596833229064941, 1.7257518768310547, 1.6609772443771362, 0.7867714166641235, 0.9758678078651428, 0.7305675745010376, 2.788299560546875, 1.9292848110198975, 1.947375774383545, 0.36436861753463745, 2.2804012298583984, 0.6061190962791443, 0.6060412526130676, 1.136556625366211, 2.0927231311798096, 1.9986284971237183, 0.7659876346588135, 2.5903806686401367, 0.9423633813858032, 1.906493902206421, 1.524353265762329, 0.7585359811782837, 1.6655610799789429, 2.373324155807495, 1.4860339164733887, 1.6073358058929443, 0.8983364105224609, 1.1414813995361328, 1.4826034307479858, 2.124006509780884, 1.3400630950927734, 0.4078393578529358, 1.8843251466751099, 1.1293692588806152, 2.224815607070923, 1.467388391494751, 0.7120730876922607, 0.8532259464263916, 4.28120231628418, 1.1281142234802246, 2.1045053005218506, 2.429352283477783, 1.3291833400726318, 1.2430884838104248, 3.220827579498291, 2.481107711791992, 1.935079574584961, 2.420516014099121, 0.9567150473594666, 2.1669092178344727, 2.435563564300537, 1.7192703485488892, 1.6691148281097412, 1.4953479766845703, 1.0874608755111694, 1.5691535472869873, 2.2168045043945312, 0.8518661856651306, 1.5068672895431519, 0.6835277676582336, 1.5470112562179565, 1.8382352590560913, 1.169082760810852, 1.592687964439392, 0.7357582449913025, 1.45189368724823, 1.1560720205307007, 1.5353727340698242, 1.5267157554626465, 1.9218908548355103, 0.9135905504226685, 3.185192108154297, 1.3757658004760742, 1.1601530313491821, 0.7238357067108154, 0.9881353974342346, 0.893418550491333, 1.050714373588562, 0.910986065864563, 2.9606714248657227, 0.7562894821166992, 3.0716965198516846, 1.2862091064453125, 1.138010025024414, 2.771043300628662, 1.3243694305419922, 1.0791735649108887, 2.2302229404449463, 0.4149552583694458, 2.5552480220794678, 2.2421905994415283, 3.4131994247436523, 2.7081501483917236, 1.049091100692749, 1.775464653968811, 1.0884439945220947, 2.3359997272491455, 0.6633495092391968, 0.9348292946815491, 1.4219350814819336, 1.8273663520812988, 0.6401107907295227, 0.6980554461479187, 0.9715489149093628, 2.19448184967041, 0.7659124732017517, 0.9636852145195007, 0.7625961303710938, 1.0215396881103516, 1.0847389698028564, 3.55096697807312, 1.625861644744873, 3.4570512771606445, 1.2685925960540771, 1.428947925567627, 1.583412766456604, 1.5595297813415527, 2.0239429473876953, 2.6272106170654297, 1.8426584005355835, 1.3597619533538818, 3.070005416870117, 1.5248686075210571, 1.7705729007720947, 1.6353914737701416, 1.69422447681427, 0.8297716975212097, 2.5129504203796387, 1.0683567523956299, 0.569372296333313, 0.9902253150939941, 1.399739384651184, 1.1382561922073364, 0.5372778177261353, 0.6694924831390381, 1.2669425010681152, 1.3268756866455078, 1.3578439950942993, 0.8808811902999878, 0.9393860101699829, 1.4255807399749756, 3.3388421535491943, 0.9013702869415283, 4.547076225280762, 1.0031652450561523, 0.5096158981323242, 1.8153940439224243, 2.528960704803467, 0.8391739130020142, 0.7807043790817261, 0.7157213091850281, 1.42384672164917, 2.232651710510254, 1.2276742458343506, 0.9000204801559448, 1.9741601943969727, 0.387864351272583, 1.6366264820098877, 1.0254755020141602, 1.076045036315918, 1.3233623504638672, 1.037393569946289, 0.8110160231590271, 1.356608271598816, 0.41329139471054077, 2.4109549522399902, 1.310314655303955, 1.1944084167480469, 1.4999996423721313, 1.8123321533203125, 2.308523654937744, 1.661116600036621, 0.7268604040145874, 1.88858163356781, 1.1103277206420898, 0.8757550120353699, 1.8429210186004639, 1.290302038192749, 1.7329819202423096, 0.4423476457595825, 1.248779535293579, 0.967930257320404, 1.9851245880126953, 1.054364562034607, 2.5413129329681396, 0.45269450545310974, 0.300854355096817, 0.6830421686172485, 0.9169206619262695, 0.5945389270782471, 0.9607680439949036, 1.607356071472168, 1.4586853981018066, 0.6051721572875977, 2.079836368560791, 1.9966310262680054, 1.2884955406188965, 1.8706514835357666, 2.5868406295776367, 0.6803724765777588, 0.8579006195068359, 0.7971471548080444, 1.6234333515167236, 0.9015055298805237, 0.5858333706855774, 1.3798822164535522, 0.6657264232635498, 0.31160932779312134, 1.3603366613388062, 1.7013800144195557, 0.7614864110946655, 1.252448558807373, 1.084666132926941, 0.5724465847015381, 1.0682775974273682, 0.9580113887786865, 0.286334365606308, 1.359236478805542, 0.9162465333938599, 1.1984237432479858, 2.1898317337036133, 0.8675016760826111, 1.0155032873153687, 0.5413379669189453, 3.6015126705169678, 1.3290191888809204, 1.445214867591858, 1.3433555364608765, 0.5910801291465759, 0.5768208503723145, 1.5997942686080933, 1.5430715084075928, 1.5858204364776611, 1.6740373373031616, 4.34181022644043, 1.1103979349136353, 1.5365031957626343, 0.9134838581085205, 0.8617203831672668, 0.9649823904037476, 2.1920583248138428, 0.9578179121017456, 0.8706795573234558, 0.7891957759857178, 0.338507741689682, 1.096602439880371, 2.473254680633545, 1.6923967599868774, 1.9585962295532227, 3.6669921875, 1.4714510440826416, 1.8329741954803467, 1.1911375522613525, 0.23247742652893066, 3.2940564155578613, 0.35330021381378174, 0.5559490323066711, 2.347280979156494, 1.5063536167144775, 1.4601341485977173, 1.7412254810333252, 2.377735137939453, 1.946103811264038, 1.161017656326294, 1.7397594451904297, 1.6097484827041626, 0.8367297053337097, 2.221562623977661, 0.9702956676483154, 1.282318353652954, 3.220343828201294, 2.230881690979004, 1.956580400466919, 2.3535046577453613, 1.9252018928527832, 0.9267219305038452, 1.2210562229156494, 1.9620383977890015, 1.2000577449798584, 1.7191781997680664, 1.0477864742279053, 1.975453495979309, 1.1569849252700806, 2.0099220275878906, 1.5013266801834106, 1.0995205640792847, 0.6302303075790405, 1.132232666015625, 0.871877908706665, 1.1889369487762451, 1.5501816272735596, 1.051848292350769, 1.5240615606307983, 0.8452171087265015, 1.4491474628448486, 2.2627789974212646, 2.2214207649230957, 2.744690418243408, 1.7316503524780273, 0.6914623379707336, 0.7332714200019836, 1.5422266721725464, 3.8962764739990234, 0.6036717891693115, 2.5086560249328613, 1.745734691619873, 0.42370468378067017, 2.5544354915618896, 2.341294288635254, 1.0474109649658203, 1.8134114742279053, 2.155050277709961, 1.4855272769927979, 1.13129460811615, 1.4492151737213135, 0.3298552334308624, 1.748325228691101, 1.255850076675415, 1.0731120109558105, 1.1293773651123047, 1.7128264904022217, 0.7845408916473389, 2.4161505699157715, 1.3743079900741577, 0.5875353217124939, 1.3321495056152344, 0.7081249952316284, 0.9252529144287109, 2.488532066345215, 1.3612269163131714, 0.8714314103126526, 0.8832446932792664, 2.0571413040161133, 0.6396467685699463, 0.5734894275665283, 1.7178040742874146, 0.8804574012756348, 1.9374157190322876, 0.4748471975326538, 1.2366899251937866, 1.2933454513549805, 0.4262222349643707, 0.9483934044837952, 1.324562907218933, 1.515275239944458, 0.7713016271591187, 0.8519901037216187, 1.4764338731765747, 0.8790695667266846, 0.22742919623851776, 0.39023691415786743, 2.110912561416626, 1.0643479824066162, 1.5275949239730835, 1.627610206604004, 1.522806167602539, 3.473987102508545, 1.9540541172027588, 1.8134032487869263, 0.45377880334854126, 1.8659210205078125, 1.0571811199188232, 0.9903049468994141, 1.1924500465393066, 1.2878706455230713, 0.9265758991241455, 0.6576722860336304, 0.9969359636306763, 1.2012925148010254, 0.5867455005645752, 1.8149619102478027, 1.7152431011199951, 1.104250192642212, 2.236201524734497, 0.6905702352523804, 1.2820398807525635, 1.5930300951004028, 0.458924263715744, 2.280162811279297, 0.880060613155365, 1.705702543258667, 1.5386788845062256, 2.420203685760498, 3.783405303955078, 0.6257874965667725, 1.7272043228149414, 1.07172691822052, 1.3991444110870361, 1.025421142578125, 2.230475425720215, 1.8724673986434937, 1.5292716026306152, 1.7873902320861816, 2.1503796577453613, 1.3737781047821045, 1.1895519495010376, 0.8866415619850159, 0.7394596338272095, 1.8041813373565674, 0.7453774213790894, 1.0148464441299438, 0.968816876411438, 1.6539239883422852, 1.8758118152618408, 0.5324249863624573, 0.7251330018043518, 1.795147180557251, 4.635736465454102, 0.7816734313964844, 0.5489249229431152, 1.0567808151245117, 1.1278572082519531, 2.893950939178467, 1.3353179693222046, 0.9052245020866394, 0.6220239996910095, 1.466252088546753, 0.4853234887123108, 0.7338919043540955, 0.9866651892662048, 1.167447805404663, 0.9682698845863342, 4.295690059661865, 3.762295961380005, 1.3520450592041016, 0.9513375759124756, 0.9563149213790894, 1.8509669303894043, 0.8767282962799072, 0.7137740850448608, 1.5835940837860107, 2.164053440093994, 0.6064410209655762, 0.7572352290153503, 0.7846639752388, 1.2033023834228516, 1.0387380123138428, 0.7050794959068298, 1.4261554479599, 0.6154441833496094, 1.5014804601669312, 1.2002665996551514, 1.83738112449646, 1.3040775060653687, 1.6823830604553223, 1.62404465675354, 0.932887852191925, 2.779315233230591, 2.14412784576416, 0.948430061340332, 0.9027819037437439, 1.5201609134674072, 2.6645987033843994, 1.3374431133270264, 0.9408671855926514, 1.9915932416915894, 1.817061185836792, 1.4014300107955933, 1.4194207191467285, 2.56728458404541, 0.8727524876594543, 1.490921974182129, 0.46927183866500854, 0.8552035093307495, 0.41674524545669556, 1.1421771049499512, 1.2497875690460205, 0.7202476859092712, 1.278878927230835, 0.8888089656829834, 1.0975067615509033, 1.0072894096374512, 0.8798448443412781, 0.8096504807472229, 0.8436814546585083, 1.2264355421066284, 1.4062292575836182, 1.3252010345458984, 1.6607275009155273, 0.4804428815841675, 0.6117519736289978, 2.5092074871063232, 1.1221240758895874, 0.7631518840789795, 0.6708132028579712, 1.529926061630249, 0.7565674185752869, 1.3471314907073975, 0.47199419140815735, 1.077546238899231, 1.4953633546829224, 2.62009859085083, 1.5250506401062012, 0.8334760069847107, 0.8201096057891846, 2.2925801277160645, 1.329804539680481, 1.7931925058364868, 1.4390219449996948, 0.5837117433547974, 0.4965154528617859, 1.4783122539520264, 1.428497552871704, 0.6454226970672607, 2.1609303951263428, 2.9537196159362793, 1.1740270853042603, 1.0236448049545288, 1.7483941316604614, 0.31819555163383484, 0.8218530416488647, 0.9991717338562012, 1.419646978378296, 2.4787228107452393, 1.158887267112732, 0.7903797626495361, 1.0912429094314575, 0.4673682451248169, 1.1671127080917358, 0.6973248720169067, 0.9030217528343201, 0.4801575839519501, 1.0984892845153809, 1.1066304445266724, 1.797877550125122, 1.456800937652588, 2.369736671447754, 1.3844619989395142, 1.5098670721054077, 1.0374724864959717, 1.469109058380127, 0.6536091566085815, 1.9748311042785645, 0.9985240697860718, 3.7333247661590576, 1.7842650413513184, 1.589069128036499, 1.3656140565872192, 0.7167993187904358, 1.2147330045700073, 0.7771562933921814, 1.101081371307373, 1.6115304231643677, 2.4250597953796387, 1.2455031871795654, 2.1286416053771973, 0.909328818321228, 0.2826535105705261, 1.0719245672225952, 1.9215874671936035, 1.2217177152633667, 0.7269494533538818, 2.3075153827667236, 1.0373400449752808, 2.334146499633789, 2.11732816696167, 0.9593865275382996, 0.8138620257377625, 2.6460118293762207, 1.6974745988845825, 1.0459940433502197, 0.47999846935272217, 0.9324233531951904, 0.43046602606773376, 2.654326915740967, 1.1183940172195435, 1.6538267135620117, 0.5770320296287537, 0.8995682001113892, 1.3306756019592285, 0.9873235821723938, 0.73024582862854, 1.0207359790802002, 1.9586743116378784, 0.6959266662597656, 1.365229606628418, 1.2204406261444092, 0.5530198216438293, 1.7530438899993896, 1.6582785844802856, 2.5398154258728027, 0.977350652217865, 0.683930516242981, 1.6222718954086304, 0.32429835200309753, 0.6162694692611694, 0.8567317724227905, 1.4817067384719849, 0.29068368673324585, 0.8678361177444458, 1.6008384227752686, 0.5937293767929077, 0.9376484751701355, 0.7152765393257141, 0.8307880163192749, 1.026232123374939, 1.1015222072601318, 0.7329487204551697, 0.801539957523346, 3.1087241172790527, 1.149882435798645, 2.828683853149414, 2.0934627056121826, 1.7299344539642334, 0.9845466613769531, 0.8803943991661072, 1.8608249425888062, 0.8778347373008728, 1.7530410289764404, 1.4442031383514404, 0.998184859752655, 0.802226722240448, 0.8516016006469727, 1.2320375442504883, 1.3261032104492188, 1.4404741525650024, 1.0586507320404053, 1.2092616558074951, 0.37030544877052307, 0.835008978843689, 0.6982021331787109, 0.5133692622184753, 0.9825787544250488, 1.1847822666168213, 1.9991426467895508, 0.7347297668457031, 0.7672919631004333, 1.5373138189315796, 2.219224452972412, 4.4214630126953125, 1.8400683403015137, 0.9777987599372864, 0.9288304448127747, 0.9537341594696045, 1.000612497329712, 0.5907207727432251, 1.8120099306106567, 1.705493688583374, 1.1148276329040527, 1.2630192041397095, 1.2705276012420654, 0.4923930764198303, 2.254952907562256, 1.5741010904312134, 1.184200644493103, 2.343691349029541, 0.5478847026824951, 1.2498940229415894, 1.350523591041565, 0.7443872094154358, 1.6397700309753418, 2.179055690765381, 2.174631118774414, 1.154557466506958, 1.0032966136932373, 0.7092275023460388, 0.6867412328720093, 0.7150896191596985, 1.5766799449920654, 0.5361328125, 0.5489634275436401, 3.295520782470703, 2.1314938068389893, 0.6622148752212524, 0.745818555355072, 1.158622145652771, 0.8672765493392944, 0.5697315335273743, 0.9332656860351562, 2.030405044555664, 1.2502355575561523, 1.12331223487854, 1.091558575630188, 1.5267665386199951, 1.7136290073394775, 2.1921143531799316, 0.6402552127838135, 0.9039560556411743, 1.66660475730896, 1.0664684772491455, 2.6477839946746826, 2.362079620361328, 2.4847750663757324, 0.8432209491729736, 1.9135464429855347, 1.0973485708236694, 0.6677542924880981, 1.006412148475647, 1.8268988132476807, 0.5571008324623108, 0.7864062786102295, 1.3025016784667969, 0.7692710161209106, 0.4460850954055786, 1.4387550354003906, 3.185267448425293, 2.422175407409668, 1.5242252349853516, 2.5061349868774414, 1.811415195465088, 2.6730895042419434, 0.10219715535640717, 1.2087243795394897, 1.253580093383789, 1.003782033920288, 0.21373991668224335, 1.1248646974563599, 0.5837250351905823, 0.8082194924354553, 1.2289681434631348, 1.6752327680587769, 0.8720398545265198, 0.9427843689918518, 0.47180938720703125, 0.5475471019744873, 0.3234924376010895, 1.3412748575210571, 0.39402949810028076, 1.1266558170318604, 1.4387917518615723, 2.2787935733795166, 1.2571907043457031, 1.7950665950775146, 0.9391708374023438, 0.21078015863895416, 1.300796627998352, 1.6870256662368774, 1.5593100786209106, 0.7095346450805664, 0.7521323561668396, 0.8699350357055664, 1.0843087434768677, 0.35291630029678345, 1.2838400602340698, 0.2366005927324295, 1.227869987487793, 0.5350132584571838, 1.9516031742095947, 2.627509593963623, 1.0091166496276855, 1.733346939086914, 0.5263139605522156, 0.5561416149139404, 0.9504076242446899, 1.091198205947876, 0.9063966274261475, 0.4538477659225464, 1.2515467405319214, 0.540229856967926, 0.603854775428772, 0.40647730231285095, 2.599217653274536, 1.1359057426452637, 0.22139430046081543, 1.962155818939209, 1.059023380279541, 0.7611199617385864, 0.670690655708313, 0.8529230952262878, 1.3895655870437622, 1.495758056640625, 0.6884808540344238, 1.3719446659088135, 0.6131786108016968, 0.7706708312034607, 0.8760108947753906, 0.06756812334060669, 1.7821451425552368, 0.9506521224975586, 0.9432843327522278, 1.84354829788208, 1.0212123394012451, 1.0958750247955322, 0.44232872128486633, 0.6415183544158936, 0.5802304744720459, 1.0979504585266113, 0.5260064601898193, 0.9352645874023438, 0.3082283139228821, 2.037945032119751, 1.1663378477096558, 1.6349762678146362, 0.47053515911102295, 0.74705970287323, 1.135054111480713, 0.8686666488647461, 1.6500639915466309, 1.0828702449798584, 2.4969162940979004, 1.1027119159698486, 1.0592873096466064, 0.9205605387687683, 1.551626205444336, 0.6763536334037781, 0.6367018222808838, 0.3911413550376892, 2.121710777282715, 1.6669715642929077, 0.4006023108959198, 0.9099116921424866, 1.1175422668457031, 1.6084048748016357, 1.6007840633392334, 0.961405336856842, 1.1445286273956299, 0.6679039597511292, 0.7452839612960815, 0.9153201580047607, 1.5905719995498657, 1.3348050117492676, 0.6930446624755859, 0.7701276540756226, 1.10233736038208, 0.38578179478645325, 0.9284332990646362, 0.8498051166534424, 0.7555167078971863, 1.624603271484375, 1.2596737146377563, 0.9368366003036499, 0.779117226600647, 0.8153626918792725, 3.2852351665496826, 2.354950189590454, 0.9109175801277161, 1.3419735431671143, 0.8239455819129944, 0.17130115628242493, 2.0839953422546387, 2.0340240001678467, 1.2382700443267822, 0.6311899423599243, 1.8117276430130005, 0.5888955593109131, 1.2546135187149048, 0.7457364201545715, 1.0894289016723633, 1.4941012859344482, 0.4589810371398926, 0.4751042127609253, 0.7493258118629456, 0.8899427652359009, 1.911144495010376, 0.2095450758934021, 1.7176098823547363, 0.1238289400935173, 0.9809690713882446, 1.1235575675964355, 1.074763536453247, 1.7772250175476074, 0.07873403280973434, 0.5422053337097168, 0.6260206699371338, 0.44855573773384094, 0.8476005792617798, 1.8363237380981445, 0.8424528241157532, 1.3646889925003052, 0.5988861322402954, 0.4097145199775696, 1.4645386934280396, 4.248929977416992, 0.490876168012619, 0.5598485469818115, 1.1881641149520874, 1.6010831594467163, 1.8629822731018066, 0.8272651433944702, 1.32039213180542, 0.9114781022071838, 0.6041365265846252, 0.8100406527519226, 0.9417171478271484, 0.9540790915489197, 1.8683549165725708, 0.8811726570129395, 1.3692150115966797, 0.8062150478363037, 0.7848638296127319, 1.8264367580413818, 1.2488691806793213, 1.0193376541137695, 0.4090437889099121, 0.4672985374927521, 0.6783212423324585, 1.222164511680603, 0.6314518451690674, 0.7602955102920532, 1.368312954902649, 0.9275597929954529, 1.0110729932785034, 0.6106081008911133, 1.178269624710083, 0.8629106879234314, 1.7515664100646973, 1.2340059280395508, 1.2937970161437988, 1.02568781375885, 2.2967755794525146, 0.7549718618392944, 0.9666622877120972, 0.6114221215248108, 1.4522215127944946, 0.6540267467498779, 0.17059463262557983, 0.5110071301460266, 0.39266514778137207, 1.356645107269287, 1.565598964691162, 1.998822808265686, 1.0464630126953125, 1.0974637269973755, 2.07570219039917, 1.6178908348083496, 1.8616926670074463, 1.2321377992630005, 0.5990074276924133, 1.439894437789917, 1.0857648849487305, 2.6077780723571777, 1.016270637512207, 1.704010009765625, 0.45571044087409973, 2.7375779151916504, 1.2997961044311523, 2.132352828979492, 1.2395639419555664, 1.023404598236084, 0.8194308280944824, 1.423624873161316, 1.8177422285079956, 1.2973229885101318, 1.5409563779830933, 0.4251464605331421, 1.2530065774917603, 2.320279121398926, 1.7000946998596191, 0.7992047071456909, 0.8140140771865845, 1.1541472673416138, 0.6025005578994751, 0.7469432353973389, 1.3714323043823242, 1.9922878742218018, 0.42372459173202515, 1.0863475799560547, 1.2783989906311035, 0.29931020736694336, 1.8537108898162842, 1.6617615222930908, 0.42543163895606995, 1.7728973627090454, 0.7493607997894287, 0.6419669389724731, 0.9720703363418579, 0.5956213474273682, 0.7071352005004883, 0.5976694822311401, 0.8105785846710205, 1.2252191305160522, 0.20688293874263763, 0.8263397812843323, 1.00901198387146, 1.2173850536346436, 0.6962430477142334, 1.2209821939468384, 2.496492862701416, 1.183688759803772, 0.2977941930294037, 0.9233525395393372, 1.0704846382141113, 0.8200055956840515, 1.6188198328018188, 0.854500949382782, 0.11929509043693542, 1.1478734016418457, 1.0578899383544922, 1.268502950668335, 1.2859728336334229, 1.037718415260315, 1.1245166063308716, 0.5166131258010864, 0.9277328848838806, 1.4518845081329346, 1.3294527530670166, 0.8430029153823853, 0.806166410446167, 0.6087671518325806, 1.4788542985916138, 0.3974781334400177, 0.06583519279956818, 0.51423579454422, 1.5429126024246216, 2.3326244354248047, 2.5263051986694336, 1.035414457321167, 0.5154996514320374, 0.19011804461479187, 1.4041674137115479, 0.480528861284256, 0.9271203279495239, 0.4250105917453766, 0.4517696797847748, 2.71051287651062, 1.0369322299957275, 0.36203300952911377, 0.9522539973258972, 1.5333002805709839, 0.6386852264404297, 0.7141884565353394, 0.2507108747959137, 0.40695706009864807, 0.6473273634910583, 2.0016212463378906, 1.52194344997406, 1.86668062210083, 0.9036651253700256, 2.1008493900299072, 0.2882165014743805, 2.3531253337860107, 1.0052549839019775, 2.0128653049468994, 0.5446820259094238, 0.7355118989944458, 0.6339091062545776, 1.6215331554412842, 1.0858261585235596, 1.8029723167419434, 1.5527393817901611, 0.26526781916618347, 0.5018011331558228, 0.7447591423988342, 2.45945143699646, 1.8137441873550415, 0.746688961982727, 1.5348719358444214, 0.9950077533721924, 0.53838050365448, 1.4341952800750732, 0.8865797519683838, 1.8773964643478394, 1.236384391784668, 0.9880245327949524, 2.014366865158081, 1.5381789207458496, 3.168325901031494, 1.2916333675384521, 1.247925043106079, 1.2823889255523682, 1.7076520919799805, 1.4935944080352783, 0.730782687664032, 0.33305230736732483, 1.2903625965118408, 0.718414843082428, 0.49996477365493774, 0.5891939401626587, 1.1610881090164185, 1.108046531677246, 0.9054139852523804, 0.7901520729064941, 1.2000744342803955, 0.8596519827842712, 0.9119634628295898, 0.3812578022480011, 1.0086363554000854, 1.9558429718017578, 1.879172444343567, 2.529067039489746, 0.6609042882919312, 0.8000106811523438, 1.4944100379943848, 2.0306856632232666, 1.0860413312911987, 0.9358209371566772, 0.6056373715400696, 1.0029418468475342, 0.6714754700660706, 0.43837034702301025, 0.9331360459327698, 1.4810906648635864, 1.2336912155151367, 1.4377464056015015, 1.3400697708129883, 3.104128360748291, 0.1435268074274063, 0.14884048700332642, 0.49059662222862244, 1.5777026414871216, 0.9093042612075806, 1.5127899646759033, 1.3991377353668213, 1.933183193206787, 1.480188012123108, 0.7645123600959778, 1.5253676176071167, 0.5245025753974915, 0.36150938272476196, 0.7260371446609497, 2.7377500534057617, 3.9010744094848633, 1.1724419593811035, 1.629319190979004, 2.2746171951293945, 2.71152663230896, 1.2493776082992554, 0.7710894346237183, 0.8465703725814819, 2.4713523387908936, 1.0333895683288574, 1.294571876525879, 2.0451834201812744, 1.5330051183700562, 0.6245189905166626, 1.2558358907699585, 0.5998455882072449, 0.2424897402524948, 0.6044864654541016, 0.8774031400680542, 0.5961927771568298, 1.1055951118469238, 0.5973874926567078, 1.3340227603912354, 0.7706314325332642, 0.5766614675521851, 1.07108736038208, 0.5022764205932617, 0.43882516026496887, 1.9410107135772705, 2.6871557235717773, 1.8922944068908691, 0.33092328906059265, 0.8751354217529297, 1.36887526512146, 1.7556864023208618, 1.8814138174057007, 2.1077260971069336, 1.2251193523406982, 1.3730500936508179, 1.7926753759384155, 0.8573158979415894, 1.5267099142074585, 2.057521104812622, 0.9061909317970276, 1.395171046257019, 1.861482858657837, 0.6264380812644958, 0.7689171433448792, 1.5251095294952393, 0.37534576654434204, 0.4055907428264618, 0.48794713616371155, 1.4028326272964478, 0.8759707808494568, 1.0523838996887207, 1.3561882972717285, 2.578608989715576, 0.6645889282226562, 1.4561138153076172, 0.29208019375801086, 0.6166750192642212, 1.621760606765747, 2.111008882522583, 0.34450986981391907, 1.30330491065979, 1.0926350355148315, 0.5389589667320251, 0.49758777022361755, 0.3941371738910675, 1.5256457328796387, 1.5102508068084717, 1.8758180141448975, 0.7728477716445923, 1.1667404174804688, 0.5943465232849121, 2.3314990997314453, 1.5684566497802734, 0.9547456502914429, 1.982159972190857, 2.1965997219085693, 0.4780970513820648, 1.8008204698562622, 0.26691412925720215, 1.4785832166671753, 0.42680221796035767, 0.622968852519989, 0.2919371724128723, 0.8439831733703613, 1.1081783771514893, 1.6592981815338135, 1.9121098518371582, 1.7791097164154053, 2.4883313179016113, 0.8850340843200684, 0.792788028717041, 1.4786149263381958, 0.39358630776405334, 4.173757553100586, 1.2006111145019531, 1.8511831760406494, 0.9319238662719727, 0.8947616815567017, 1.4960312843322754, 1.1181808710098267, 1.1853653192520142, 1.5085872411727905, 2.0198864936828613, 0.9281248450279236, 0.9518488049507141, 0.4143906235694885, 1.1999012231826782, 2.998854637145996, 0.595787763595581, 1.7606453895568848, 1.0153049230575562, 1.601952075958252, 1.0888420343399048, 0.8628003597259521, 0.5041760802268982, 1.3688538074493408, 0.44932812452316284, 0.6816073060035706, 1.239027500152588, 0.3977324366569519, 1.636343002319336, 0.5038497447967529, 1.7734819650650024, 0.49382418394088745, 0.9519412517547607, 1.4061424732208252, 1.3110573291778564, 3.698784351348877, 1.0970348119735718, 1.034159541130066, 0.8063114881515503, 1.8026278018951416, 0.611666738986969, 1.2400516271591187, 1.7892098426818848, 1.7398574352264404, 1.0659708976745605, 1.2379815578460693, 2.50593638420105, 2.8058295249938965, 0.6286793947219849, 0.1658681035041809, 0.668165922164917, 0.6306446194648743, 1.1292911767959595, 1.3060424327850342, 1.9178733825683594, 1.0856069326400757, 2.4273223876953125, 0.6238962411880493, 0.12570032477378845, 1.364987850189209, 0.7563369274139404, 2.0838394165039062, 0.23652756214141846, 0.5473142266273499, 1.7346200942993164, 0.9312695264816284, 2.0383498668670654, 2.1530275344848633, 0.31894758343696594, 0.5508111119270325, 0.6485583186149597, 0.5617097020149231, 0.9789512157440186, 0.419096976518631, 0.6321101784706116, 1.9667720794677734, 0.6765031218528748, 1.574178695678711, 1.00132417678833, 1.9136865139007568, 2.064511775970459, 0.27205830812454224, 0.7453379034996033, 1.3074092864990234, 0.9286988973617554, 2.5770881175994873, 2.0949254035949707, 1.1971983909606934, 0.4428442418575287, 1.1879932880401611, 1.0897009372711182, 1.723053216934204, 0.7707297801971436, 1.5062074661254883, 0.9486057758331299, 0.5139226317405701, 0.7480658888816833, 0.6970618367195129, 0.8041148781776428, 2.272571563720703, 1.466120719909668, 1.228654384613037, 0.9035902619361877, 0.6040468215942383, 0.783970057964325, 0.7802808284759521, 2.1424453258514404, 0.8900940418243408, 0.6470910310745239, 1.5936130285263062, 0.8470414280891418, 0.8800653219223022, 0.5889130234718323, 1.170881748199463, 1.0009483098983765, 0.8827387094497681, 0.6754125356674194, 1.3953709602355957, 0.5025163888931274, 0.6117517352104187, 1.3477991819381714, 0.6746807098388672, 0.27425193786621094, 1.3918851613998413, 0.19214490056037903, 0.723943829536438, 0.7719244956970215, 1.5764613151550293, 1.280092716217041, 0.8141876459121704, 2.1563382148742676, 0.7055263519287109, 0.8609248399734497, 0.816408634185791, 3.015915870666504, 1.283721923828125, 1.2865514755249023, 1.1256823539733887, 0.5427843928337097, 0.8098021745681763, 1.9324958324432373, 0.6338497400283813, 0.7393313050270081, 1.557631492614746, 0.5340019464492798, 1.0495525598526, 1.9243674278259277, 0.5765665173530579, 1.1602801084518433, 0.6891669631004333, 0.25426051020622253, 1.4133503437042236, 1.0389679670333862, 0.9420166015625, 0.9830196499824524, 0.8960920572280884, 1.5476658344268799, 1.022498607635498, 2.2873878479003906, 1.0465105772018433, 1.6286917924880981, 1.0214817523956299, 0.8422684669494629, 0.44480568170547485, 0.08695624768733978, 0.9451385140419006, 0.8264211416244507, 0.5769912004470825, 0.23018795251846313, 0.43047618865966797, 0.3989884853363037, 2.0346200466156006, 2.130734920501709, 0.44211673736572266, 1.2589962482452393, 2.2218000888824463, 0.5188456773757935, 0.6945576667785645, 0.6984361410140991, 1.3562705516815186, 1.0292717218399048, 1.4892528057098389, 0.13213950395584106, 0.4037252962589264, 0.4097115397453308, 0.09105618298053741, 1.1071141958236694, 1.0942554473876953, 1.9680237770080566, 1.008646011352539, 1.5535658597946167, 1.0634263753890991, 0.7555238604545593, 0.6053796410560608, 1.183527946472168, 1.1965851783752441, 1.783308744430542]
Average final-epoch loss: 1.3156
